78 2 20 
1.1 
0.00000000001
0.251271 0.416121 0.869110 1.271477 1.437020 1.391103 1.240570 1.089075 1.022261 1.015416 0.939235 0.736249 0.551684 0.612491 0.987741 1.489540 1.803782 1.701928 1.194432 0.573787
0.639924 0.868840 1.328476 1.828903 2.176805 2.239359 2.019573 1.639906 1.272570 1.067846 1.040179 1.120183 1.348034 1.715278 2.103666 2.298671 2.126479 1.646987 1.110102 0.732172
0.325284 0.376283 0.580265 0.861589 1.156823 1.380645 1.414481 1.233849 0.903342 0.558967 0.353744 0.377222 0.579819 0.900108 1.240315 1.466731 1.477424 1.232231 0.816623 0.469287
0.608795 0.977232 1.671239 2.368831 2.741666 2.604654 2.030198 1.316410 0.809494 0.725718 1.007209 1.471972 1.952636 2.323505 2.508301 2.440107 2.124647 1.652960 1.121768 0.695420
0.330798 0.468595 0.849941 1.193108 1.322085 1.278270 1.166512 1.091674 1.077001 1.084552 0.976798 0.730752 0.510051 0.523432 0.882927 1.409309 1.770663 1.691388 1.198442 0.613623
0.955059 1.200833 1.698859 2.165915 2.480560 2.597127 2.400499 1.942316 1.477630 1.215033 1.174622 1.379034 1.808503 2.316716 2.647809 2.650284 2.387059 1.985866 1.508424 1.082736
1.181855 1.227643 1.250927 1.281555 1.325282 1.290154 1.313834 1.422156 1.398191 1.267558 1.209676 1.271274 1.287116 1.276314 1.339319 1.389247 1.413118 1.445851 1.359214 1.225831
1.231710 1.233553 1.507427 2.044442 2.580648 2.844028 2.767389 2.360563 1.842718 1.558312 1.543623 1.669677 1.901764 2.213298 2.536778 2.793443 2.820999 2.547364 2.083482 1.562914
2.040337 2.153940 2.349888 2.442807 2.327026 2.113550 2.040470 2.135289 2.207638 2.128255 2.045829 2.125889 2.312133 2.430986 2.355610 2.161113 2.052525 2.089565 2.137663 2.080588
1.215671 1.386705 1.559147 1.599613 1.584533 1.626868 1.763745 1.809735 1.637644 1.407400 1.321734 1.370555 1.413124 1.410746 1.490304 1.760146 2.013423 1.980638 1.634294 1.283987
2.450036 2.703716 3.126401 3.415950 3.366100 3.037958 2.716702 2.653394 2.875237 3.220084 3.421169 3.335434 3.098334 2.935909 2.984331 3.188325 3.347553 3.256110 2.926245 2.561620
1.838407 1.953976 2.179693 2.320047 2.394158 2.554257 2.648373 2.448110 2.113506 1.950242 1.964158 1.998269 2.097495 2.361246 2.641522 2.706954 2.539126 2.345797 2.180564 1.963501
1.362713 1.479841 1.684412 1.721504 1.537631 1.369960 1.390884 1.504837 1.545261 1.468214 1.396641 1.474378 1.642031 1.671618 1.513438 1.380167 1.418003 1.524376 1.536382 1.432518
0.223442 0.383592 0.685253 1.019782 1.264902 1.327319 1.173564 0.858176 0.507886 0.267709 0.226057 0.387198 0.686043 1.016846 1.262867 1.327707 1.174334 0.857449 0.508334 0.267954
2.366072 2.381442 2.706643 3.126726 3.361477 3.247960 2.908694 2.635904 2.651401 2.911834 3.202610 3.287426 3.128036 2.920762 2.883432 3.050533 3.278952 3.331269 3.089900 2.678808
0.161188 0.421462 0.932453 1.426284 1.684394 1.661509 1.462677 1.231581 1.046038 0.841787 0.609821 0.486397 0.602969 0.959148 1.410203 1.757921 1.798167 1.450771 0.852723 0.323876
1.280169 1.415036 1.828778 2.421515 2.874101 2.942625 2.620092 2.137564 1.783289 1.676779 1.771530 1.967893 2.183723 2.400209 2.677297 2.923101 2.892039 2.508368 1.919231 1.433928
0.354610 0.484059 1.031064 1.636060 2.052567 2.208993 2.134381 1.904433 1.625338 1.347133 1.059603 0.803379 0.741640 1.037021 1.625086 2.246365 2.561821 2.347230 1.653802 0.828464
0.895929 0.990697 1.483694 1.967990 2.121256 1.955364 1.657793 1.463947 1.507562 1.709693 1.827703 1.673924 1.340444 1.142064 1.323166 1.860342 2.346851 2.429874 1.996102 1.318433
0.505182 0.571830 0.678828 0.773339 0.814320 0.787282 0.746762 0.734247 0.684812 0.582902 0.520323 0.540403 0.633211 0.751748 0.821992 0.815619 0.771484 0.729992 0.636048 0.528305
0.763032 0.826855 1.029345 1.229582 1.423305 1.645071 1.834687 1.814396 1.515418 1.134825 0.929052 0.940121 1.008073 1.073889 1.254540 1.618777 1.970539 1.987130 1.580331 1.043842
1.992891 2.179471 2.482485 2.721804 2.748816 2.565275 2.367714 2.333220 2.544848 2.849982 2.941962 2.696912 2.329381 2.166615 2.365039 2.742200 2.980625 2.883620 2.515848 2.123837
1.051494 1.110981 1.627412 2.188240 2.353777 2.102277 1.685082 1.380607 1.371914 1.581218 1.779565 1.789435 1.633223 1.526936 1.634295 1.930704 2.226018 2.307314 2.027157 1.474775
2.408730 2.472265 2.696702 2.887643 2.942954 2.931691 2.912145 2.841273 2.750984 2.673560 2.615622 2.620908 2.773193 3.005327 3.112520 3.003326 2.886707 2.868704 2.786776 2.579852
1.980232 2.048897 2.287023 2.416556 2.426727 2.478849 2.573915 2.565497 2.501881 2.463061 2.378884 2.274775 2.277032 2.432866 2.609094 2.642392 2.626335 2.642092 2.527660 2.217440
1.066812 1.193349 1.289353 1.268948 1.239807 1.307198 1.394919 1.344441 1.179668 1.085453 1.120992 1.196820 1.222059 1.192129 1.231502 1.376242 1.492533 1.494426 1.335576 1.116935
0.930098 1.106266 1.401914 1.590266 1.606111 1.530597 1.458003 1.423187 1.441158 1.465204 1.398020 1.177667 0.963547 0.966324 1.323227 1.833334 2.141448 2.017563 1.551985 1.094450
1.338934 1.492719 1.945487 2.486220 2.850070 2.935517 2.703317 2.232843 1.844531 1.740737 1.787216 1.926966 2.176938 2.498573 2.816810 2.972400 2.849521 2.491565 1.990037 1.524910
0.307674 0.346428 0.700652 1.199017 1.623456 1.838732 1.852445 1.716762 1.442866 1.065216 0.705541 0.497625 0.533138 0.850382 1.370334 1.873012 2.095134 1.878460 1.307147 0.674886
0.189148 0.364627 0.821129 1.286337 1.544062 1.590133 1.513112 1.376111 1.195980 0.966138 0.704962 0.493809 0.507067 0.839521 1.366680 1.790713 1.864812 1.551158 0.988792 0.435671
1.014764 1.260701 1.591313 1.853691 2.007733 2.107130 2.128137 1.998688 1.711416 1.355134 1.082427 1.018745 1.178855 1.492895 1.848890 2.126093 2.152433 1.824114 1.355093 1.038203
0.593819 0.904136 1.408182 1.872274 2.138115 2.140123 1.899288 1.530058 1.178755 0.949212 0.862653 0.997996 1.364702 1.818687 2.153754 2.179116 1.894853 1.434097 0.950334 0.613192
0.343396 0.422512 0.576119 0.758379 0.953049 1.108415 1.124437 0.978973 0.726806 0.479031 0.349469 0.388484 0.540818 0.779605 1.033696 1.196123 1.181996 0.957146 0.623626 0.394764
0.525000 0.832046 1.493879 2.206440 2.608415 2.496366 1.941411 1.247817 0.769475 0.706388 0.980404 1.405228 1.831371 2.153303 2.324333 2.298238 2.054362 1.644318 1.129868 0.672468
0.441142 0.707305 1.053128 1.223621 1.167008 1.009115 0.907056 0.929419 1.040772 1.101463 0.966849 0.695220 0.486800 0.569404 0.969221 1.434446 1.627493 1.385043 0.882136 0.477597
1.278490 1.505096 1.839046 2.168271 2.374116 2.317465 2.006308 1.663070 1.469339 1.452372 1.608266 1.860387 2.090152 2.269043 2.415658 2.479730 2.364435 2.022417 1.574401 1.282308
1.046121 1.100889 1.141935 1.132704 1.192602 1.269844 1.316619 1.357928 1.272771 1.123348 1.046939 1.066547 1.084697 1.119172 1.177661 1.169661 1.211331 1.335621 1.313234 1.151501
1.176600 1.220315 1.528745 2.055596 2.516684 2.696941 2.566965 2.153180 1.717265 1.528609 1.559071 1.690506 1.905972 2.179460 2.460025 2.676296 2.661844 2.386812 1.947260 1.456748
1.818741 1.882052 1.944597 1.890103 1.855024 1.978673 2.179216 2.285397 2.179377 1.952333 1.821981 1.848323 1.900613 1.864719 1.852349 1.991987 2.198382 2.288371 2.156487 1.921056
1.026608 1.180711 1.369826 1.403224 1.314634 1.279618 1.393219 1.525716 1.469184 1.256603 1.115136 1.141306 1.209401 1.237099 1.246968 1.387300 1.602291 1.658613 1.440533 1.132129
2.109705 2.423797 2.883651 3.178730 3.098698 2.732210 2.375091 2.289225 2.521738 2.900714 3.127505 3.050291 2.820998 2.675141 2.733074 2.917392 3.025472 2.880434 2.518613 2.163847
1.382901 1.539076 1.808785 2.009061 2.146745 2.311421 2.337757 2.055457 1.690568 1.536718 1.562031 1.616182 1.766140 2.071687 2.366848 2.431932 2.246255 2.004700 1.763606 1.495509
1.185477 1.285402 1.459531 1.480131 1.338950 1.252449 1.332973 1.447620 1.449106 1.322048 1.215541 1.267478 1.404124 1.423512 1.314656 1.264562 1.360067 1.462009 1.432092 1.279919
0.269515 0.313391 0.487130 0.731007 0.963802 1.096949 1.069257 0.882790 0.614210 0.379291 0.271036 0.316968 0.489680 0.730066 0.960802 1.095803 1.070590 0.883928 0.614666 0.379146
2.053480 2.275637 2.692977 3.053544 3.111446 2.847736 2.494416 2.342685 2.500225 2.810093 3.015104 2.956536 2.752236 2.644731 2.751864 2.975522 3.108338 2.958123 2.570042 2.175967
0.134883 0.215140 0.656723 1.233616 1.685213 1.819387 1.637298 1.290410 0.959940 0.732927 0.562944 0.491757 0.626520 0.968087 1.379063 1.694791 1.782188 1.555909 1.055548 0.481794
1.271763 1.478269 1.944643 2.507922 2.842174 2.767654 2.369359 1.934210 1.692408 1.693399 1.856037 2.056628 2.228984 2.399746 2.640319 2.817031 2.717074 2.305150 1.747414 1.353586
0.272266 0.570365 1.146665 1.668864 1.961463 2.008169 1.874086 1.654504 1.420355 1.176663 0.903299 0.679587 0.691378 1.055274 1.662440 2.213902 2.377957 2.007131 1.251909 0.531288
1.270564 1.602789 2.087845 2.341309 2.272646 1.992688 1.744361 1.737030 1.944098 2.130860 2.069049 1.746515 1.434451 1.445980 1.870091 2.433821 2.729050 2.518954 1.925645 1.391750
0.303115 0.381835 0.657432 0.980198 1.223363 1.304812 1.217812 1.049092 0.865794 0.632305 0.410893 0.373013 0.549756 0.872483 1.198104 1.351243 1.292224 1.100031 0.809793 0.473700
0.690139 0.796107 1.005464 1.179100 1.325618 1.490886 1.628966 1.595571 1.338488 1.029435 0.884054 0.913961 0.962814 0.989998 1.136845 1.480651 1.807788 1.801208 1.395703 0.905208
1.725223 1.904392 2.210939 2.477284 2.560513 2.422659 2.219051 2.131580 2.268932 2.535238 2.644551 2.450850 2.135141 2.008693 2.215389 2.574524 2.780955 2.651270 2.263227 1.863198
0.929775 1.109120 1.653817 2.134307 2.176215 1.830363 1.378602 1.107584 1.162881 1.417418 1.632968 1.661216 1.539217 1.457038 1.549979 1.779739 1.990834 2.005908 1.708387 1.219872
2.108575 2.193574 2.449103 2.663422 2.742340 2.750125 2.721267 2.610153 2.486317 2.407696 2.356082 2.374936 2.538410 2.791664 2.930500 2.839708 2.706654 2.647621 2.523239 2.283422
1.803887 1.951999 2.199011 2.314872 2.357448 2.456310 2.532190 2.469997 2.371394 2.275942 2.149110 2.076174 2.164456 2.399954 2.583392 2.607197 2.575691 2.520508 2.299654 1.961269
0.868491 0.976804 1.108262 1.155972 1.186987 1.277732 1.355660 1.280626 1.088085 0.956465 0.943993 0.988427 1.029033 1.061572 1.169012 1.350792 1.469513 1.446408 1.241674 0.966988
0.776362 1.023983 1.485227 1.815847 1.768345 1.400980 1.028540 0.898084 1.044447 1.265150 1.370318 1.318621 1.210279 1.159748 1.193331 1.279475 1.350851 1.322259 1.117872 0.866700
1.389896 1.585074 2.037755 2.512969 2.796984 2.815770 2.532981 2.111439 1.857423 1.822523 1.876059 2.020144 2.242439 2.504956 2.769050 2.880990 2.749162 2.402886 1.910590 1.498029
0.249309 0.287990 0.651197 1.136214 1.537159 1.705778 1.673830 1.525878 1.291010 0.980597 0.681836 0.518890 0.555145 0.802258 1.222448 1.666835 1.906791 1.754927 1.241423 0.630522
0.165143 0.283021 0.706608 1.165834 1.410246 1.402369 1.278110 1.144324 1.034395 0.922430 0.767372 0.586869 0.522044 0.692179 1.089606 1.498007 1.650738 1.451225 0.982325 0.458631
0.214814 0.312014 0.578139 0.916888 1.205742 1.337777 1.252261 0.973986 0.617676 0.331543 0.221056 0.315253 0.576461 0.912895 1.203128 1.337976 1.254872 0.977934 0.619133 0.327509
0.496491 0.596784 1.088296 1.754941 2.332255 2.609281 2.497124 2.042400 1.408858 0.818870 0.501737 0.600583 1.088906 1.753883 2.330713 2.608758 2.499198 2.046015 1.410901 0.817272
1.161900 1.352249 1.802802 2.325512 2.684568 2.768308 2.561097 2.212868 1.882203 1.602941 1.466922 1.560966 1.822798 2.165972 2.588481 2.920261 2.916021 2.484910 1.819630 1.300888
1.209424 1.453884 1.977312 2.549190 2.858808 2.797679 2.384897 1.853271 1.537934 1.512819 1.659700 1.907139 2.209909 2.505084 2.762972 2.831601 2.593472 2.131316 1.590872 1.232750
1.308582 1.473473 1.937518 2.422915 2.665420 2.589465 2.390957 2.257357 2.171898 2.073218 1.920224 1.778510 1.881723 2.210179 2.594145 2.853668 2.803805 2.439325 1.928195 1.501235
1.215551 1.240767 1.496106 1.991065 2.488369 2.751793 2.661408 2.274250 1.757477 1.376770 1.271676 1.388332 1.679554 2.076324 2.456217 2.694245 2.641232 2.247992 1.759148 1.392806
1.029567 1.242289 1.717082 2.225233 2.509342 2.487339 2.217916 1.831283 1.517094 1.407111 1.460711 1.613291 1.840497 2.132058 2.406961 2.471349 2.233547 1.804827 1.372817 1.089149
0.507591 0.785471 1.442836 2.107593 2.507391 2.554253 2.294097 1.900659 1.551066 1.300426 1.171402 1.193067 1.401145 1.796919 2.287204 2.675640 2.737134 2.340520 1.574482 0.817009
0.262302 0.454533 0.801647 1.180390 1.472826 1.554386 1.411817 1.077078 0.671236 0.376406 0.298039 0.444465 0.748679 1.127750 1.452516 1.587719 1.440449 1.061347 0.629860 0.325761
0.924427 1.083449 1.519762 2.050137 2.404355 2.457744 2.244349 1.870477 1.510974 1.333813 1.334842 1.453750 1.668646 1.970942 2.295555 2.443169 2.271353 1.853562 1.382722 1.038455
0.533509 0.587254 1.162517 1.961467 2.611725 2.853065 2.622787 2.067759 1.448618 0.990729 0.843481 1.020003 1.433875 1.963699 2.444441 2.722028 2.693557 2.332195 1.698869 0.995827
0.517908 0.608275 1.210131 2.012336 2.641897 2.849980 2.589170 2.019127 1.405840 0.969613 0.850346 1.047592 1.471026 1.998821 2.466742 2.725197 2.676534 2.296866 1.653273 0.955274
0.486009 0.527330 0.568550 0.588269 0.617185 0.678563 0.758522 0.761410 0.667262 0.555331 0.500462 0.514979 0.535759 0.556278 0.610783 0.702685 0.786074 0.767627 0.649804 0.528042
0.216705 0.348202 0.809020 1.356635 1.777851 1.929436 1.821273 1.534275 1.185604 0.865889 0.629472 0.525995 0.683883 1.130937 1.658165 2.022731 2.051833 1.697781 1.100062 0.516249
0.280415 0.570179 1.086987 1.629117 2.003098 2.076935 1.824817 1.322219 0.769864 0.383911 0.295262 0.557948 1.063586 1.613398 2.003407 2.091849 1.841437 1.323453 0.748948 0.353237
0.928638 1.134585 1.349706 1.360365 1.208055 1.130453 1.217763 1.283994 1.174441 0.967873 0.932265 1.146686 1.361422 1.359658 1.195083 1.118401 1.217229 1.293254 1.184601 0.972757
1.426874 1.721644 2.259651 2.748618 2.906084 2.677063 2.319852 2.142903 2.164117 2.257128 2.285431 2.221518 2.204883 2.380473 2.723045 3.006672 2.988018 2.590133 2.007738 1.541273
0.406316 0.687789 1.271143 1.915505 2.381832 2.511977 2.280552 1.785622 1.191625 0.694928 0.478398 0.654102 1.187853 1.849407 2.368505 2.551551 2.334684 1.787385 1.116537 0.577844
